{
 "cells": [
  {
   "cell_type": "code",
   "execution_count": 1,
   "metadata": {},
   "outputs": [
    {
     "name": "stdout",
     "output_type": "stream",
     "text": [
      "/home/ibalab/anaconda3/bin/python\n",
      "tensor([[[[[8.3004e-03, 3.1148e-04, 5.6760e-04,  ..., 9.9000e-05,\n",
      "            3.3750e-04, 1.2806e-02],\n",
      "           [4.5709e-04, 6.9301e-06, 2.1258e-05,  ..., 9.9489e-07,\n",
      "            4.3577e-06, 5.8360e-04],\n",
      "           [3.3598e-04, 2.1117e-06, 9.3558e-06,  ..., 4.2590e-07,\n",
      "            3.4723e-06, 2.9791e-04],\n",
      "           ...,\n",
      "           [1.1336e-04, 1.4299e-07, 7.3709e-07,  ..., 9.8728e-08,\n",
      "            4.5503e-07, 1.4863e-04],\n",
      "           [1.5020e-04, 1.5136e-07, 7.5892e-07,  ..., 2.1798e-07,\n",
      "            1.4774e-06, 1.4226e-04],\n",
      "           [2.6609e-03, 5.4228e-05, 5.7402e-05,  ..., 1.9232e-04,\n",
      "            1.8135e-04, 9.5398e-03]],\n",
      "\n",
      "          [[3.9057e-04, 1.1309e-06, 6.7641e-06,  ..., 1.4010e-06,\n",
      "            4.2060e-06, 3.9254e-04],\n",
      "           [3.2838e-06, 6.8250e-09, 1.5575e-08,  ..., 2.4215e-09,\n",
      "            3.7748e-09, 3.6128e-06],\n",
      "           [2.6361e-06, 2.2717e-09, 6.4921e-09,  ..., 7.5241e-11,\n",
      "            8.6702e-10, 2.2703e-06],\n",
      "           ...,\n",
      "           [6.5602e-07, 3.5791e-11, 2.5839e-10,  ..., 5.8535e-12,\n",
      "            6.3767e-12, 3.9920e-07],\n",
      "           [1.6116e-06, 2.5756e-10, 1.9333e-09,  ..., 4.0096e-12,\n",
      "            1.5348e-10, 6.0280e-07],\n",
      "           [5.8236e-05, 1.7972e-07, 2.7251e-07,  ..., 2.0761e-07,\n",
      "            6.3617e-07, 3.7846e-04]],\n",
      "\n",
      "          [[1.3830e-04, 3.9663e-07, 2.5260e-06,  ..., 2.3893e-06,\n",
      "            5.1718e-06, 3.6725e-04],\n",
      "           [1.7778e-06, 1.6344e-09, 3.1473e-09,  ..., 3.8607e-09,\n",
      "            4.2745e-09, 4.2711e-06],\n",
      "           [2.1507e-06, 2.6568e-10, 1.3593e-09,  ..., 1.5410e-10,\n",
      "            4.2319e-10, 1.0146e-06],\n",
      "           ...,\n",
      "           [4.6012e-07, 2.3508e-11, 2.9614e-10,  ..., 1.3251e-12,\n",
      "            4.8553e-13, 5.6561e-08],\n",
      "           [1.0667e-06, 1.1712e-10, 1.5586e-09,  ..., 5.1561e-13,\n",
      "            4.9355e-12, 9.5046e-08],\n",
      "           [3.9907e-05, 1.3747e-07, 3.0002e-07,  ..., 3.9000e-08,\n",
      "            1.3429e-07, 1.3920e-04]],\n",
      "\n",
      "          ...,\n",
      "\n",
      "          [[1.2546e-04, 1.7667e-07, 4.4614e-07,  ..., 4.3280e-07,\n",
      "            3.3084e-06, 6.2953e-04],\n",
      "           [6.6825e-07, 1.4865e-10, 2.1005e-10,  ..., 1.8893e-09,\n",
      "            1.6371e-08, 1.3057e-05],\n",
      "           [3.3199e-07, 8.5000e-12, 1.4116e-11,  ..., 2.7266e-11,\n",
      "            9.5781e-10, 5.8454e-06],\n",
      "           ...,\n",
      "           [8.2374e-06, 1.5351e-09, 2.1724e-10,  ..., 3.6732e-12,\n",
      "            9.0690e-13, 2.5326e-08],\n",
      "           [1.3495e-05, 3.0569e-09, 5.1261e-10,  ..., 4.6776e-12,\n",
      "            5.5058e-12, 6.3130e-08],\n",
      "           [1.8400e-04, 3.0224e-07, 9.9148e-08,  ..., 6.5614e-07,\n",
      "            7.0767e-07, 1.4491e-04]],\n",
      "\n",
      "          [[2.0039e-04, 2.1043e-07, 8.1969e-07,  ..., 6.3860e-07,\n",
      "            4.5350e-06, 5.1191e-04],\n",
      "           [1.4108e-06, 1.8022e-10, 5.4770e-10,  ..., 4.2524e-09,\n",
      "            1.2023e-08, 1.9627e-05],\n",
      "           [1.0165e-06, 2.3036e-11, 3.2091e-11,  ..., 1.2164e-10,\n",
      "            2.5996e-09, 3.8584e-06],\n",
      "           ...,\n",
      "           [8.6408e-06, 4.0591e-09, 1.9443e-09,  ..., 1.1576e-10,\n",
      "            1.7556e-11, 7.9944e-08],\n",
      "           [1.2372e-05, 5.4524e-09, 2.1547e-09,  ..., 5.9939e-11,\n",
      "            1.1478e-10, 1.0481e-07],\n",
      "           [2.5698e-04, 9.3418e-07, 5.0770e-07,  ..., 1.6900e-06,\n",
      "            1.8717e-06, 1.4994e-04]],\n",
      "\n",
      "          [[8.4769e-03, 1.3063e-04, 3.4321e-04,  ..., 1.0522e-04,\n",
      "            3.4556e-04, 6.5313e-03],\n",
      "           [2.8515e-04, 1.9037e-06, 1.6836e-06,  ..., 2.7401e-06,\n",
      "            3.9910e-06, 4.6338e-04],\n",
      "           [2.4477e-04, 8.3888e-07, 4.6329e-07,  ..., 4.5637e-07,\n",
      "            1.8487e-06, 2.0771e-04],\n",
      "           ...,\n",
      "           [8.3277e-04, 1.1342e-05, 1.5399e-05,  ..., 8.5311e-06,\n",
      "            2.8042e-06, 1.6954e-04],\n",
      "           [7.8822e-04, 7.2984e-06, 7.8863e-06,  ..., 4.1890e-06,\n",
      "            2.1807e-06, 1.1210e-04],\n",
      "           [1.2395e-02, 6.5203e-04, 5.8324e-04,  ..., 4.0754e-04,\n",
      "            2.4145e-04, 6.6047e-03]]]]], device='cuda:0',\n",
      "       grad_fn=<SigmoidBackward>)\n",
      "num_clusters: 387\n",
      "num_clusters: 414\n",
      "num_clusters: 275\n",
      "num_clusters: 577\n",
      "num_clusters: 357\n",
      "num_clusters: 404\n",
      "num_clusters: 360\n",
      "num_clusters: 432\n",
      "num_clusters: 451\n",
      "num_clusters: 387\n",
      "num_clusters: 414\n",
      "num_clusters: 275\n",
      "num_clusters: 577\n",
      "num_clusters: 357\n",
      "num_clusters: 404\n",
      "num_clusters: 360\n",
      "num_clusters: 432\n",
      "num_clusters: 451\n",
      "[[1.         0.68640905 0.67070392 0.69804845 0.71661933 0.66081252\n",
      "  0.65134768 0.71127847 0.72389674 1.         0.68640905 0.67070392\n",
      "  0.69804845 0.71661933 0.66081252 0.65134768 0.71127847 0.72389674]\n",
      " [0.68640905 1.         0.69163331 0.67396964 0.67435956 0.68860111\n",
      "  0.70414582 0.73753909 0.74723853 0.68640905 1.         0.69163331\n",
      "  0.67396964 0.67435956 0.68860111 0.70414582 0.73753909 0.74723853]\n",
      " [0.67070392 0.69163331 1.         0.64118044 0.65238166 0.66771733\n",
      "  0.72158561 0.70823146 0.71254355 0.67070392 0.69163331 1.\n",
      "  0.64118044 0.65238166 0.66771733 0.72158561 0.70823146 0.71254355]\n",
      " [0.69804845 0.67396964 0.64118044 1.         0.70876671 0.70617815\n",
      "  0.62525941 0.68668748 0.66953601 0.69804845 0.67396964 0.64118044\n",
      "  1.         0.70876671 0.70617815 0.62525941 0.68668748 0.66953601]\n",
      " [0.71661933 0.67435956 0.65238166 0.70876671 1.         0.6677\n",
      "  0.6332651  0.70327872 0.69636123 0.71661933 0.67435956 0.65238166\n",
      "  0.70876671 1.         0.6677     0.6332651  0.70327872 0.69636123]\n",
      " [0.66081252 0.68860111 0.66771733 0.70617815 0.6677     1.\n",
      "  0.65228489 0.68804222 0.68218358 0.66081252 0.68860111 0.66771733\n",
      "  0.70617815 0.6677     1.         0.65228489 0.68804222 0.68218358]\n",
      " [0.65134768 0.70414582 0.72158561 0.62525941 0.6332651  0.65228489\n",
      "  1.         0.72096919 0.71604775 0.65134768 0.70414582 0.72158561\n",
      "  0.62525941 0.6332651  0.65228489 1.         0.72096919 0.71604775]\n",
      " [0.71127847 0.73753909 0.70823146 0.68668748 0.70327872 0.68804222\n",
      "  0.72096919 1.         0.7894617  0.71127847 0.73753909 0.70823146\n",
      "  0.68668748 0.70327872 0.68804222 0.72096919 1.         0.7894617 ]\n",
      " [0.72389674 0.74723853 0.71254355 0.66953601 0.69636123 0.68218358\n",
      "  0.71604775 0.7894617  1.         0.72389674 0.74723853 0.71254355\n",
      "  0.66953601 0.69636123 0.68218358 0.71604775 0.7894617  1.        ]\n",
      " [1.         0.68640905 0.67070392 0.69804845 0.71661933 0.66081252\n",
      "  0.65134768 0.71127847 0.72389674 1.         0.68640905 0.67070392\n",
      "  0.69804845 0.71661933 0.66081252 0.65134768 0.71127847 0.72389674]\n",
      " [0.68640905 1.         0.69163331 0.67396964 0.67435956 0.68860111\n",
      "  0.70414582 0.73753909 0.74723853 0.68640905 1.         0.69163331\n",
      "  0.67396964 0.67435956 0.68860111 0.70414582 0.73753909 0.74723853]\n",
      " [0.67070392 0.69163331 1.         0.64118044 0.65238166 0.66771733\n",
      "  0.72158561 0.70823146 0.71254355 0.67070392 0.69163331 1.\n",
      "  0.64118044 0.65238166 0.66771733 0.72158561 0.70823146 0.71254355]\n",
      " [0.69804845 0.67396964 0.64118044 1.         0.70876671 0.70617815\n",
      "  0.62525941 0.68668748 0.66953601 0.69804845 0.67396964 0.64118044\n",
      "  1.         0.70876671 0.70617815 0.62525941 0.68668748 0.66953601]\n",
      " [0.71661933 0.67435956 0.65238166 0.70876671 1.         0.6677\n",
      "  0.6332651  0.70327872 0.69636123 0.71661933 0.67435956 0.65238166\n",
      "  0.70876671 1.         0.6677     0.6332651  0.70327872 0.69636123]\n",
      " [0.66081252 0.68860111 0.66771733 0.70617815 0.6677     1.\n",
      "  0.65228489 0.68804222 0.68218358 0.66081252 0.68860111 0.66771733\n",
      "  0.70617815 0.6677     1.         0.65228489 0.68804222 0.68218358]\n",
      " [0.65134768 0.70414582 0.72158561 0.62525941 0.6332651  0.65228489\n",
      "  1.         0.72096919 0.71604775 0.65134768 0.70414582 0.72158561\n",
      "  0.62525941 0.6332651  0.65228489 1.         0.72096919 0.71604775]\n",
      " [0.71127847 0.73753909 0.70823146 0.68668748 0.70327872 0.68804222\n",
      "  0.72096919 1.         0.7894617  0.71127847 0.73753909 0.70823146\n",
      "  0.68668748 0.70327872 0.68804222 0.72096919 1.         0.7894617 ]\n",
      " [0.72389674 0.74723853 0.71254355 0.66953601 0.69636123 0.68218358\n",
      "  0.71604775 0.7894617  1.         0.72389674 0.74723853 0.71254355\n",
      "  0.66953601 0.69636123 0.68218358 0.71604775 0.7894617  1.        ]]\n"
     ]
    },
    {
     "data": {
      "text/plain": [
       "'\\ninstance=wl.WeisfeilerLehman()\\ngraphs=[]\\ng=ig.Graph()\\ng.add_vertices(5)\\ng.add_edges([(0,1),(1,2),(0,3),(1,4)])\\ng.vs[\"label\"]=[0,0,0,0,0]\\n#layout = g.layout(\"kk\")\\n#ig.plot(g, layout = layout)\\ngraphs.append(g)\\nprint(instance.fit_transform(graphs,4) )\\n\\ncoords_arr = [[[False for k in range(64)] for j in range(64)] for i in range(64)]   #voxelが存在しているところが1\\nfor i in range(64):\\n    coords_arr[i][0][0]=True\\n    coords_arr[i][1][0]=True\\n    coords_arr[i][2][0]=True\\n#print(make_graph.convert_array_to_graph(model.data))\\n'"
      ]
     },
     "execution_count": 1,
     "metadata": {},
     "output_type": "execute_result"
    }
   ],
   "source": [
    "import WL as wl\n",
    "import igraph as ig\n",
    "import make_graph\n",
    "import binvox_rw\n",
    "import numpy as np\n",
    "import torch\n",
    "import networkx as nx\n",
    "import grakel\n",
    "import matplotlib.pyplot as plt\n",
    "import make_graph_nx\n",
    "import math\n",
    "import random\n",
    "import csv\n",
    "import torch.nn as nn\n",
    "import config as cfg\n",
    "from IPython.display import SVG, display\n",
    "from mpl_toolkits.mplot3d import axes3d, Axes3D\n",
    "from generate import SuperGenerator\n",
    "from evolution import mutate,benoulli,crossover,Evolution,normal,cluster_graph\n",
    "from utils import generate_z,slide\n",
    "from make_graph_nx import return_label\n",
    "G=SuperGenerator()\n",
    "with open ('chair1.binvox','rb')    as f1:\n",
    "    model1 =binvox_rw.read_as_3d_array(f1)\n",
    "with open ('chair4.binvox','rb')as f2:\n",
    "    model2=binvox_rw.read_as_3d_array(f2)\n",
    "\n",
    "def z_and_Gz(G):\n",
    "    z=generate_z()\n",
    "    voxels = G.generate(z, 'Chair')\n",
    "    bool_voxels = voxels>0.5\n",
    "    #tr_vx=torch.transpose(bool_voxels,1,2)\n",
    "    return z.to('cpu').detach().numpy().copy(),bool_voxels.to('cpu').detach().numpy().copy()\n",
    "\n",
    "def scatter_z_and_Gz(G,n):\n",
    "    rate=4\n",
    "    zs=[]\n",
    "    voxels=[]\n",
    "    z1=generate_z()\n",
    "    voxel1=G.generate(z1,'Chair')\n",
    "    bool_voxels1=voxel1>0.5\n",
    "    voxels.append(bool_voxels1.to('cpu').detach().numpy().copy())\n",
    "    zs.append(z1.to('cpu').detach().numpy().copy())\n",
    "    for i in range(0,n-1):\n",
    "        zx=generate_z().to('cpu').detach().numpy()\n",
    "        dis=np.linalg.norm(zx-zs[i])\n",
    "        zx=zs[i]+((zx-zs[i])*random.random()*rate/dis)\n",
    "        zs.append(zx.copy())\n",
    "        voxelx=G.generate(torch.from_numpy(zx),'Chair')\n",
    "        bool_voxelsx=voxelx>0.5\n",
    "        voxels.append(bool_voxelsx.to('cpu').detach().numpy().copy())\n",
    "        \n",
    "    return zs,voxels\n",
    "    \n",
    "    \n",
    "    \n",
    "    \n",
    "def vec_dis(zs,n):\n",
    "    tmp_index=np.arange(n)\n",
    "    xx, yy = np.meshgrid(tmp_index, tmp_index)\n",
    "    zs_np=np.array(zs)\n",
    "    distances=np.linalg.norm(zs_np[xx]-zs_np[yy], axis=2)\n",
    "    return distances\n",
    "\n",
    "def coords_based_sim(voxels,n):\n",
    "    sim=[]\n",
    "    for i in range(n):\n",
    "        sim.append([])\n",
    "        for j in range(n):\n",
    "            sim[i].append(get_sim_two(voxels[i],voxels[j]))\n",
    "    return np.array(sim)\n",
    "    \n",
    "\n",
    "def load_file_data(container,n):\n",
    "    for i in range(1,n+1,1):\n",
    "        with open ('../DeepIE3D_Training/data/chair64_512/chair'+str(i)+'.binvox','rb') as f:\n",
    "            model=binvox_rw.read_as_3d_array(f)\n",
    "            container.append(model.data)\n",
    "    return container\n",
    "\n",
    "def cmb_matrix(cnts,n):\n",
    "    X=np.zeros((n,n))\n",
    "    tmp_index=np.arange(n)\n",
    "    xx, yy = np.meshgrid(tmp_index, tmp_index)\n",
    "    cnts_np=np.array(cnts)\n",
    "    multiples=cnts_np[xx]*cnts_np[yy]\n",
    "    return multiples\n",
    "\n",
    "def WeisfeilerLehman(voxels,n,_n_iter,cube_len):\n",
    "    trimed_voxels=[]\n",
    "    G=[]\n",
    "    for i in range(n):\n",
    "        Gi,trimed_voxeli=make_graph_nx.convert_array_to_graph(voxels[i],cube_len)\n",
    "        G.append(Gi)\n",
    "        trimed_voxels.append(trimed_voxeli)\n",
    "    G_grakel=grakel.graph_from_networkx(G, node_labels_tag='label')\n",
    "    gk=grakel.WeisfeilerLehman(n_iter=_n_iter,normalize=True)\n",
    "    K,base_kernel=gk.fit_transform(G_grakel)\n",
    "    process_base_kernel(base_kernel)\n",
    "    return K,trimed_voxels,G\n",
    "\n",
    "def single_WeisfeilerLehman(voxels1,cube_len):\n",
    "    G1,trimed_voxel=make_graph_nx.convert_array_to_graph(voxels1,cube_len)\n",
    "    G=[G1]\n",
    "    svg = SVG(nx.nx_agraph.to_agraph(G1).draw(prog='fdp', format='svg'))\n",
    "    display(svg)\n",
    "    G_grakel=grakel.graph_from_networkx(G, node_labels_tag='label')\n",
    "    gk=grakel.WeisfeilerLehman()\n",
    "    K=gk.fit_transform(G_grakel)\n",
    "    return K,G1\n",
    "\n",
    "def visualize(voxels):\n",
    "    colors='red'\n",
    "    fig = plt.figure()\n",
    "    ax3 = fig.gca(projection='3d')\n",
    "    ax3.voxels(voxels, facecolors=colors, edgecolor='k')\n",
    "    plt.show()\n",
    "    \n",
    "def make_binvox(data,filename):\n",
    "    voxels=binvox_rw.Voxels(data,[64,64,64], [0,0,0], 1, 'xyz')\n",
    "    voxels.write('../DeepIE3D_Training/data/ex/'+filename+'.binvox')\n",
    "    \n",
    "def make_pooled_binvox(data,filename,dim):\n",
    "    voxels=binvox_rw.Voxels(data,[dim,dim,dim], [0,0,0], 1, 'xyz')\n",
    "    voxels.write('../DeepIE3D_Training/data/ex/'+filename+'_'+str(dim)+'.binvox')\n",
    "    \n",
    "def save_voxels(voxels,n,op=None):\n",
    "    for i in range(n):\n",
    "        voxel=binvox_rw.Voxels(voxels[i],[64,64,64], [0,0,0], 1, 'xyz')\n",
    "        if op==None:\n",
    "            voxel.write('../DeepIE3D_Training/data/ex/generated'+str(i)+'.binvox')\n",
    "        else:\n",
    "            voxel.write('../DeepIE3D_Training/data/ex/generated'+op+str(i)+'.binvox')\n",
    "\n",
    "def get_sim_two(voxels1,voxels2):\n",
    "    tensor1=list_to_tensor(voxels1)\n",
    "    tensor2=list_to_tensor(voxels2)\n",
    "    model1 = torch.nonzero(tensor1)\n",
    "    model2=torch.nonzero(tensor2)\n",
    "    voxel_count1 = len(model1)\n",
    "    voxel_count2 = len(model2)\n",
    "    same_voxel_count=0\n",
    "    for (x, y, z) in model1:\n",
    "        if voxels2[x][y][z]:\n",
    "            same_voxel_count += 1\n",
    "    return (same_voxel_count*same_voxel_count)/(voxel_count1*voxel_count2)\n",
    "\n",
    "def list_to_tensor(voxels):\n",
    "    return torch.from_numpy(np.array(voxels))\n",
    "\n",
    "def scatter_viz(t,y1,y2):\n",
    "    fig, ax = plt.subplots()\n",
    "\n",
    "    c1,c2 = \"blue\",\"green\"      # 各プロットの色\n",
    "    l1,l2 = \"coords\",\"kernel\"   # 各ラベル\n",
    "\n",
    "    ax.set_xlabel('x')  # x軸ラベル\n",
    "    ax.set_ylabel('y')  # y軸ラベル\n",
    "    ax.set_title(r'$\\sin(x)$ and $\\cos(x)$') # グラフタイトル\n",
    "    # ax.set_aspect('equal') # スケールを揃える\n",
    "    ax.grid()            # 罫線\n",
    "    ax.set_xlim([0, 20]) # x方向の描画範囲を指定\n",
    "    ax.set_ylim([0, 1])    # y方向の描画範囲を指定\n",
    "    ax.scatter(t, y1, color=c1, label=l1)\n",
    "    ax.scatter(t, y2, color=c2, label=l2)\n",
    "    ax.legend(loc=0)    # 凡例\n",
    "    fig.tight_layout()  # レイアウトの設定\n",
    "    # plt.savefig('hoge.png') # 画像の保存\n",
    "    plt.show()\n",
    "\n",
    "def write_kernel_to_csv(K):\n",
    "    with open('../DeepIE3D_Training/similarity.csv','w') as f:\n",
    "        writer=csv.writer(f)\n",
    "        writer.writerows(K)\n",
    "        \n",
    "def maxpool(voxels,kernel_size):\n",
    "    pooled_voxels=[]\n",
    "    for i in range(len(voxels)):\n",
    "        tensor=torch.Tensor(voxels[i]).unsqueeze_(0).unsqueeze_(0)\n",
    "        m=nn.MaxPool3d(kernel_size,stride=kernel_size)\n",
    "        out=m(tensor).squeeze_(0).squeeze_(0)\n",
    "        make_pooled_binvox(out.to('cpu').detach().numpy(),'pooled'+str(i),64/kernel_size)\n",
    "        pooled_voxels.append(out)\n",
    "    return pooled_voxels\n",
    "\n",
    "def process_base_kernel(base_kernel):\n",
    "    for i in range(len(base_kernel)):\n",
    "        print('shape',base_kernel[i].X.shape)\n",
    "        print(np.dot(base_kernel[i].X,base_kernel[i].X.T))\n",
    "\n",
    "import sys;print(sys.executable)\n",
    "zs=[]\n",
    "voxels1,voxels2=[],[]\n",
    "z=generate_z()\n",
    "print(G.g_chair(z))\n",
    "zs.extend([generate_z() for i in range(9)])\n",
    "voxels1.extend([G.generate(zs[i],'Chair') for i in range(9)])\n",
    "voxels2.extend([G.generate(zs[i],'Chair') for i in range(9)])\n",
    "G1=cluster_graph(voxels1)\n",
    "G2=cluster_graph(voxels1)\n",
    "G=G1+G2\n",
    "G_grakel=grakel.graph_from_networkx(G, node_labels_tag='label')\n",
    "gk=grakel.WeisfeilerLehman(n_iter=cfg.n_iter,normalize=True)\n",
    "K,base_kernel=gk.fit_transform(G_grakel)\n",
    "print(K)\n",
    "\n",
    "\n",
    "\n",
    "'''\n",
    "instance=wl.WeisfeilerLehman()\n",
    "graphs=[]\n",
    "g=ig.Graph()\n",
    "g.add_vertices(5)\n",
    "g.add_edges([(0,1),(1,2),(0,3),(1,4)])\n",
    "g.vs[\"label\"]=[0,0,0,0,0]\n",
    "#layout = g.layout(\"kk\")\n",
    "#ig.plot(g, layout = layout)\n",
    "graphs.append(g)\n",
    "print(instance.fit_transform(graphs,4) )\n",
    "\n",
    "coords_arr = [[[False for k in range(64)] for j in range(64)] for i in range(64)]   #voxelが存在しているところが1\n",
    "for i in range(64):\n",
    "    coords_arr[i][0][0]=True\n",
    "    coords_arr[i][1][0]=True\n",
    "    coords_arr[i][2][0]=True\n",
    "#print(make_graph.convert_array_to_graph(model.data))\n",
    "'''"
   ]
  },
  {
   "cell_type": "code",
   "execution_count": null,
   "metadata": {},
   "outputs": [],
   "source": []
  },
  {
   "cell_type": "code",
   "execution_count": 2,
   "metadata": {
    "scrolled": true
   },
   "outputs": [
    {
     "data": {
      "text/plain": [
       "'\\nG1=nx.Graph()\\nG1.add_nodes_from([0,1,2,3])\\nG1.add_edges_from([(0,1),(1,2),(0,3)])\\nnx.set_node_attributes(G1, {0:0, 1:0, 2:0,3:1}, \\'label\\')\\nG1.add_node(4,label=2)\\nprint(G1.nodes[4][\\'label\\'])\\nG=[G1]\\nG_grakel=grakel.graph_from_networkx(G, node_labels_tag=\\'label\\')\\ngk=grakel.WeisfeilerLehman()\\nK=gk.fit_transform(G_grakel)\\nprint(K)\\n\\n\\nzs=[]\\nvoxels=[]\\nn=10\\nfor i in range(n):\\n    z,voxel=z_and_Gz(G)\\n    zs.append(z)\\n    voxels.append(voxel)\\n#zs,voxels=scatter_z_and_Gz(G,n)\\n\\ndistances=vec_dis(zs,n).flatten()\\nK,trimed_voxels,_=WeisfeilerLehman(voxels,n,30)\\ncoords_base_sim_oneline=coords_based_sim(voxels,n).flatten()\\nK_oneline=np.array(K).flatten()\\nsave_voxels(voxels,n,\"notrim\")\\nsave_voxels(trimed_voxels,n)\\nscatter_viz(distances,coords_base_sim_oneline,K_oneline)\\n\\nz,voxel=z_and_Gz(G)\\nvoxel_slided=slide(voxel,1)\\nK,_,_=WeisfeilerLehman([voxel,voxel_slided],2,5)\\nprint(K)\\n'"
      ]
     },
     "execution_count": 2,
     "metadata": {},
     "output_type": "execute_result"
    }
   ],
   "source": [
    "\n",
    "'''\n",
    "G1=nx.Graph()\n",
    "G1.add_nodes_from([0,1,2,3])\n",
    "G1.add_edges_from([(0,1),(1,2),(0,3)])\n",
    "nx.set_node_attributes(G1, {0:0, 1:0, 2:0,3:1}, 'label')\n",
    "G1.add_node(4,label=2)\n",
    "print(G1.nodes[4]['label'])\n",
    "G=[G1]\n",
    "G_grakel=grakel.graph_from_networkx(G, node_labels_tag='label')\n",
    "gk=grakel.WeisfeilerLehman()\n",
    "K=gk.fit_transform(G_grakel)\n",
    "print(K)\n",
    "\n",
    "\n",
    "zs=[]\n",
    "voxels=[]\n",
    "n=10\n",
    "for i in range(n):\n",
    "    z,voxel=z_and_Gz(G)\n",
    "    zs.append(z)\n",
    "    voxels.append(voxel)\n",
    "#zs,voxels=scatter_z_and_Gz(G,n)\n",
    "\n",
    "distances=vec_dis(zs,n).flatten()\n",
    "K,trimed_voxels,_=WeisfeilerLehman(voxels,n,30)\n",
    "coords_base_sim_oneline=coords_based_sim(voxels,n).flatten()\n",
    "K_oneline=np.array(K).flatten()\n",
    "save_voxels(voxels,n,\"notrim\")\n",
    "save_voxels(trimed_voxels,n)\n",
    "scatter_viz(distances,coords_base_sim_oneline,K_oneline)\n",
    "\n",
    "z,voxel=z_and_Gz(G)\n",
    "voxel_slided=slide(voxel,1)\n",
    "K,_,_=WeisfeilerLehman([voxel,voxel_slided],2,5)\n",
    "print(K)\n",
    "'''"
   ]
  },
  {
   "cell_type": "code",
   "execution_count": 6,
   "metadata": {},
   "outputs": [
    {
     "name": "stdout",
     "output_type": "stream",
     "text": [
      "num_clusters: 446\n",
      "num_clusters: 735\n",
      "num_clusters: 266\n",
      "num_clusters: 246\n",
      "num_clusters: 364\n",
      "num_clusters: 317\n",
      "num_clusters: 479\n",
      "num_clusters: 262\n",
      "num_clusters: 367\n",
      "num_clusters: 357\n",
      "[[1.         0.71515395 0.66968706 0.70130808 0.72933707 0.71231562\n",
      "  0.73359059 0.64427754 0.71422049 0.71711437]\n",
      " [0.71515395 1.         0.60142595 0.62846126 0.708496   0.67916247\n",
      "  0.7157915  0.54134704 0.64200366 0.64813714]\n",
      " [0.66968706 0.60142595 1.         0.58792321 0.63690672 0.62327506\n",
      "  0.62634458 0.65746499 0.64607141 0.65023673]\n",
      " [0.70130808 0.62846126 0.58792321 1.         0.69268732 0.67741922\n",
      "  0.6821489  0.57690759 0.67497524 0.68816504]\n",
      " [0.72933707 0.708496   0.63690672 0.69268732 1.         0.70800212\n",
      "  0.71767378 0.581484   0.68201042 0.69923504]\n",
      " [0.71231562 0.67916247 0.62327506 0.67741922 0.70800212 1.\n",
      "  0.6882929  0.60587777 0.70119716 0.73058846]\n",
      " [0.73359059 0.7157915  0.62634458 0.6821489  0.71767378 0.6882929\n",
      "  1.         0.59341364 0.67477012 0.69119294]\n",
      " [0.64427754 0.54134704 0.65746499 0.57690759 0.581484   0.60587777\n",
      "  0.59341364 1.         0.65575538 0.65229373]\n",
      " [0.71422049 0.64200366 0.64607141 0.67497524 0.68201042 0.70119716\n",
      "  0.67477012 0.65575538 1.         0.7530865 ]\n",
      " [0.71711437 0.64813714 0.65023673 0.68816504 0.69923504 0.73058846\n",
      "  0.69119294 0.65229373 0.7530865  1.        ]]\n"
     ]
    }
   ],
   "source": [
    "\n",
    "voxels=[]\n",
    "n=10\n",
    "load_file_data(voxels,n)\n",
    "graphs=cluster_graph(torch.Tensor(voxels))\n",
    "G_grakel=grakel.graph_from_networkx(graphs, node_labels_tag='label')\n",
    "gk=grakel.WeisfeilerLehman(n_iter=cfg.n_iter,normalize=True)\n",
    "K,base_kernel=gk.fit_transform(G_grakel)\n",
    "print(K)\n",
    "\n",
    "#print(coords_based_sim(voxels,n))\n",
    "#print(K)\n",
    "#for i in range(n):\n",
    "    #visualize(trimed_voxels[i])\n",
    "\n"
   ]
  },
  {
   "cell_type": "code",
   "execution_count": null,
   "metadata": {},
   "outputs": [],
   "source": [
    "m=64\n",
    "coords_arr = [[[False for k in range(m)] for j in range(m)] for i in range(m)]\n",
    "coords_arr2=[[[False for k in range(m)] for j in range(m)] for i in range(m)]\n",
    "\n",
    "for i in range(5):\n",
    "    for j in range(5):\n",
    "        for k in range(5):\n",
    "             if np.linalg.norm(np.array([i-2,j-2,k-2]))<=1 :\n",
    "                    coords_arr[i][j][k]=True\n",
    "'''\n",
    "coords_arr[0][0][0]=True\n",
    "coords_arr[0][1][0]=True\n",
    "coords_arr[0][2][0]=True\n",
    "coords_arr[0][3][0]=True\n",
    "coords_arr[0][0][2]=True\n",
    "coords_arr[0][1][2]=True\n",
    "coords_arr[0][2][2]=True\n",
    "coords_arr[0][3][2]=True\n",
    "coords_arr[2][0][0]=True\n",
    "coords_arr[2][1][0]=True\n",
    "coords_arr[2][2][0]=True\n",
    "coords_arr[2][3][0]=True\n",
    "coords_arr[2][0][2]=True\n",
    "coords_arr[2][1][2]=True\n",
    "coords_arr[2][2][2]=True\n",
    "coords_arr[2][3][2]=True\n",
    "\n",
    "coords_arr[0][3][1]=True\n",
    "coords_arr[1][3][0]=True\n",
    "coords_arr[0][1][1]=True\n",
    "coords_arr[1][1][0]=True\n",
    "coords_arr[1][3][1]=True\n",
    "coords_arr[2][3][1]=True\n",
    "coords_arr[1][3][2]=True\n",
    "coords_arr[2][1][1]=True\n",
    "coords_arr[1][1][2]=True\n",
    "'''\n",
    "\n",
    "\n",
    "\n",
    "\n",
    "coords_arr2[2][2][2]=True\n",
    "coords_arr2[1][2][2]=True\n",
    "coords_arr2[0][2][2]=True\n",
    "coords_arr2[0][0][0]=True\n",
    "\n",
    "voxels=[]\n",
    "voxels.append(coords_arr)\n",
    "voxels.append(coords_arr2)\n",
    "print(coords_based_sim(voxels,2))\n",
    "make_binvox(np.array(coords_arr),'minichair')\n",
    "K,trimed_voxels,G=WeisfeilerLehman(voxels,2,1)\n",
    "print(K)\n",
    "svg = SVG(nx.nx_agraph.to_agraph(G[0]).draw(prog='fdp', format='svg'))\n",
    "display(svg)\n",
    "svg = SVG(nx.nx_agraph.to_agraph(G[1]).draw(prog='fdp', format='svg'))\n",
    "display(svg)\n"
   ]
  },
  {
   "cell_type": "code",
   "execution_count": null,
   "metadata": {},
   "outputs": [],
   "source": []
  }
 ],
 "metadata": {
  "kernelspec": {
   "display_name": "Python 3",
   "language": "python",
   "name": "python3"
  },
  "language_info": {
   "codemirror_mode": {
    "name": "ipython",
    "version": 3
   },
   "file_extension": ".py",
   "mimetype": "text/x-python",
   "name": "python",
   "nbconvert_exporter": "python",
   "pygments_lexer": "ipython3",
   "version": "3.7.3"
  }
 },
 "nbformat": 4,
 "nbformat_minor": 2
}
