{
 "cells": [
  {
   "cell_type": "code",
   "execution_count": 1,
   "metadata": {},
   "outputs": [
    {
     "name": "stdout",
     "output_type": "stream",
     "text": [
      "/home/ibalab/anaconda3/bin/python\n",
      "[[1.         0.7544073  0.77319124 0.77173056 0.73723544 0.77258939\n",
      "  0.77403989 0.76378513 0.76693594 1.         0.7544073  0.77319124\n",
      "  0.77173056 0.73723544 0.77258939 0.77403989 0.76378513 0.76693594]\n",
      " [0.7544073  1.         0.74401787 0.77035731 0.70961986 0.75207111\n",
      "  0.75287926 0.76415943 0.7734651  0.7544073  1.         0.74401787\n",
      "  0.77035731 0.70961986 0.75207111 0.75287926 0.76415943 0.7734651 ]\n",
      " [0.77319124 0.74401787 1.         0.71526499 0.79437025 0.73250481\n",
      "  0.75378711 0.72890227 0.76341891 0.77319124 0.74401787 1.\n",
      "  0.71526499 0.79437025 0.73250481 0.75378711 0.72890227 0.76341891]\n",
      " [0.77173056 0.77035731 0.71526499 1.         0.68896256 0.77219653\n",
      "  0.73990149 0.78723005 0.76299389 0.77173056 0.77035731 0.71526499\n",
      "  1.         0.68896256 0.77219653 0.73990149 0.78723005 0.76299389]\n",
      " [0.73723544 0.70961986 0.79437025 0.68896256 1.         0.69106525\n",
      "  0.71908756 0.69296649 0.75034569 0.73723544 0.70961986 0.79437025\n",
      "  0.68896256 1.         0.69106525 0.71908756 0.69296649 0.75034569]\n",
      " [0.77258939 0.75207111 0.73250481 0.77219653 0.69106525 1.\n",
      "  0.76808759 0.75472549 0.75749318 0.77258939 0.75207111 0.73250481\n",
      "  0.77219653 0.69106525 1.         0.76808759 0.75472549 0.75749318]\n",
      " [0.77403989 0.75287926 0.75378711 0.73990149 0.71908756 0.76808759\n",
      "  1.         0.72467364 0.75613605 0.77403989 0.75287926 0.75378711\n",
      "  0.73990149 0.71908756 0.76808759 1.         0.72467364 0.75613605]\n",
      " [0.76378513 0.76415943 0.72890227 0.78723005 0.69296649 0.75472549\n",
      "  0.72467364 1.         0.74711111 0.76378513 0.76415943 0.72890227\n",
      "  0.78723005 0.69296649 0.75472549 0.72467364 1.         0.74711111]\n",
      " [0.76693594 0.7734651  0.76341891 0.76299389 0.75034569 0.75749318\n",
      "  0.75613605 0.74711111 1.         0.76693594 0.7734651  0.76341891\n",
      "  0.76299389 0.75034569 0.75749318 0.75613605 0.74711111 1.        ]\n",
      " [1.         0.7544073  0.77319124 0.77173056 0.73723544 0.77258939\n",
      "  0.77403989 0.76378513 0.76693594 1.         0.7544073  0.77319124\n",
      "  0.77173056 0.73723544 0.77258939 0.77403989 0.76378513 0.76693594]\n",
      " [0.7544073  1.         0.74401787 0.77035731 0.70961986 0.75207111\n",
      "  0.75287926 0.76415943 0.7734651  0.7544073  1.         0.74401787\n",
      "  0.77035731 0.70961986 0.75207111 0.75287926 0.76415943 0.7734651 ]\n",
      " [0.77319124 0.74401787 1.         0.71526499 0.79437025 0.73250481\n",
      "  0.75378711 0.72890227 0.76341891 0.77319124 0.74401787 1.\n",
      "  0.71526499 0.79437025 0.73250481 0.75378711 0.72890227 0.76341891]\n",
      " [0.77173056 0.77035731 0.71526499 1.         0.68896256 0.77219653\n",
      "  0.73990149 0.78723005 0.76299389 0.77173056 0.77035731 0.71526499\n",
      "  1.         0.68896256 0.77219653 0.73990149 0.78723005 0.76299389]\n",
      " [0.73723544 0.70961986 0.79437025 0.68896256 1.         0.69106525\n",
      "  0.71908756 0.69296649 0.75034569 0.73723544 0.70961986 0.79437025\n",
      "  0.68896256 1.         0.69106525 0.71908756 0.69296649 0.75034569]\n",
      " [0.77258939 0.75207111 0.73250481 0.77219653 0.69106525 1.\n",
      "  0.76808759 0.75472549 0.75749318 0.77258939 0.75207111 0.73250481\n",
      "  0.77219653 0.69106525 1.         0.76808759 0.75472549 0.75749318]\n",
      " [0.77403989 0.75287926 0.75378711 0.73990149 0.71908756 0.76808759\n",
      "  1.         0.72467364 0.75613605 0.77403989 0.75287926 0.75378711\n",
      "  0.73990149 0.71908756 0.76808759 1.         0.72467364 0.75613605]\n",
      " [0.76378513 0.76415943 0.72890227 0.78723005 0.69296649 0.75472549\n",
      "  0.72467364 1.         0.74711111 0.76378513 0.76415943 0.72890227\n",
      "  0.78723005 0.69296649 0.75472549 0.72467364 1.         0.74711111]\n",
      " [0.76693594 0.7734651  0.76341891 0.76299389 0.75034569 0.75749318\n",
      "  0.75613605 0.74711111 1.         0.76693594 0.7734651  0.76341891\n",
      "  0.76299389 0.75034569 0.75749318 0.75613605 0.74711111 1.        ]]\n"
     ]
    },
    {
     "data": {
      "text/plain": [
       "'\\ninstance=wl.WeisfeilerLehman()\\ngraphs=[]\\ng=ig.Graph()\\ng.add_vertices(5)\\ng.add_edges([(0,1),(1,2),(0,3),(1,4)])\\ng.vs[\"label\"]=[0,0,0,0,0]\\n#layout = g.layout(\"kk\")\\n#ig.plot(g, layout = layout)\\ngraphs.append(g)\\nprint(instance.fit_transform(graphs,4) )\\n\\ncoords_arr = [[[False for k in range(64)] for j in range(64)] for i in range(64)]   #voxelが存在しているところが1\\nfor i in range(64):\\n    coords_arr[i][0][0]=True\\n    coords_arr[i][1][0]=True\\n    coords_arr[i][2][0]=True\\n#print(make_graph.convert_array_to_graph(model.data))\\n'"
      ]
     },
     "execution_count": 1,
     "metadata": {},
     "output_type": "execute_result"
    }
   ],
   "source": [
    "import WL as wl\n",
    "import igraph as ig\n",
    "import make_graph\n",
    "import binvox_rw\n",
    "import numpy as np\n",
    "import torch\n",
    "import networkx as nx\n",
    "import grakel\n",
    "import matplotlib.pyplot as plt\n",
    "import make_graph_nx\n",
    "import math\n",
    "import random\n",
    "import csv\n",
    "import torch.nn as nn\n",
    "import config as cfg\n",
    "from IPython.display import SVG, display\n",
    "from mpl_toolkits.mplot3d import axes3d, Axes3D\n",
    "from generate import SuperGenerator\n",
    "from evolution import mutate,benoulli,crossover,Evolution,normal,generate_candidate,cluster_graph\n",
    "from utils import generate_z,slide\n",
    "from make_graph_nx import return_label\n",
    "G=SuperGenerator()\n",
    "with open ('chair1.binvox','rb')    as f1:\n",
    "    model1 =binvox_rw.read_as_3d_array(f1)\n",
    "with open ('chair4.binvox','rb')as f2:\n",
    "    model2=binvox_rw.read_as_3d_array(f2)\n",
    "\n",
    "def z_and_Gz(G):\n",
    "    z=generate_z()\n",
    "    voxels = G.generate(z, 'Chair')\n",
    "    bool_voxels = voxels>0.5\n",
    "    #tr_vx=torch.transpose(bool_voxels,1,2)\n",
    "    return z.to('cpu').detach().numpy().copy(),bool_voxels.to('cpu').detach().numpy().copy()\n",
    "\n",
    "def scatter_z_and_Gz(G,n):\n",
    "    rate=4\n",
    "    zs=[]\n",
    "    voxels=[]\n",
    "    z1=generate_z()\n",
    "    voxel1=G.generate(z1,'Chair')\n",
    "    bool_voxels1=voxel1>0.5\n",
    "    voxels.append(bool_voxels1.to('cpu').detach().numpy().copy())\n",
    "    zs.append(z1.to('cpu').detach().numpy().copy())\n",
    "    for i in range(0,n-1):\n",
    "        zx=generate_z().to('cpu').detach().numpy()\n",
    "        dis=np.linalg.norm(zx-zs[i])\n",
    "        zx=zs[i]+((zx-zs[i])*random.random()*rate/dis)\n",
    "        zs.append(zx.copy())\n",
    "        voxelx=G.generate(torch.from_numpy(zx),'Chair')\n",
    "        bool_voxelsx=voxelx>0.5\n",
    "        voxels.append(bool_voxelsx.to('cpu').detach().numpy().copy())\n",
    "        \n",
    "    return zs,voxels\n",
    "    \n",
    "    \n",
    "    \n",
    "    \n",
    "def vec_dis(zs,n):\n",
    "    tmp_index=np.arange(n)\n",
    "    xx, yy = np.meshgrid(tmp_index, tmp_index)\n",
    "    zs_np=np.array(zs)\n",
    "    distances=np.linalg.norm(zs_np[xx]-zs_np[yy], axis=2)\n",
    "    return distances\n",
    "\n",
    "def coords_based_sim(voxels,n):\n",
    "    sim=[]\n",
    "    for i in range(n):\n",
    "        sim.append([])\n",
    "        for j in range(n):\n",
    "            sim[i].append(get_sim_two(voxels[i],voxels[j]))\n",
    "    return np.array(sim)\n",
    "    \n",
    "\n",
    "def load_file_data(container,n):\n",
    "    for i in range(1,n+1,1):\n",
    "        with open ('../DeepIE3D_Training/data/chair64_512/chair'+str(i)+'.binvox','rb') as f:\n",
    "            model=binvox_rw.read_as_3d_array(f)\n",
    "            container.append(model.data)\n",
    "    return container\n",
    "\n",
    "def cmb_matrix(cnts,n):\n",
    "    X=np.zeros((n,n))\n",
    "    tmp_index=np.arange(n)\n",
    "    xx, yy = np.meshgrid(tmp_index, tmp_index)\n",
    "    cnts_np=np.array(cnts)\n",
    "    multiples=cnts_np[xx]*cnts_np[yy]\n",
    "    return multiples\n",
    "\n",
    "def WeisfeilerLehman(voxels,n,_n_iter,cube_len):\n",
    "    trimed_voxels=[]\n",
    "    G=[]\n",
    "    for i in range(n):\n",
    "        Gi,trimed_voxeli=make_graph_nx.convert_array_to_graph(voxels[i],cube_len)\n",
    "        G.append(Gi)\n",
    "        trimed_voxels.append(trimed_voxeli)\n",
    "    G_grakel=grakel.graph_from_networkx(G, node_labels_tag='label')\n",
    "    gk=grakel.WeisfeilerLehman(n_iter=_n_iter,normalize=True)\n",
    "    K,base_kernel=gk.fit_transform(G_grakel)\n",
    "    process_base_kernel(base_kernel)\n",
    "    return K,trimed_voxels,G\n",
    "\n",
    "def single_WeisfeilerLehman(voxels1,cube_len):\n",
    "    G1,trimed_voxel=make_graph_nx.convert_array_to_graph(voxels1,cube_len)\n",
    "    G=[G1]\n",
    "    svg = SVG(nx.nx_agraph.to_agraph(G1).draw(prog='fdp', format='svg'))\n",
    "    display(svg)\n",
    "    G_grakel=grakel.graph_from_networkx(G, node_labels_tag='label')\n",
    "    gk=grakel.WeisfeilerLehman()\n",
    "    K=gk.fit_transform(G_grakel)\n",
    "    return K,G1\n",
    "\n",
    "def visualize(voxels):\n",
    "    colors='red'\n",
    "    fig = plt.figure()\n",
    "    ax3 = fig.gca(projection='3d')\n",
    "    ax3.voxels(voxels, facecolors=colors, edgecolor='k')\n",
    "    plt.show()\n",
    "    \n",
    "def make_binvox(data,filename):\n",
    "    voxels=binvox_rw.Voxels(data,[64,64,64], [0,0,0], 1, 'xyz')\n",
    "    voxels.write('../DeepIE3D_Training/data/ex/'+filename+'.binvox')\n",
    "    \n",
    "def make_pooled_binvox(data,filename,dim):\n",
    "    voxels=binvox_rw.Voxels(data,[dim,dim,dim], [0,0,0], 1, 'xyz')\n",
    "    voxels.write('../DeepIE3D_Training/data/ex/'+filename+'_'+str(dim)+'.binvox')\n",
    "    \n",
    "def save_voxels(voxels,n,op=None):\n",
    "    for i in range(n):\n",
    "        voxel=binvox_rw.Voxels(voxels[i],[64,64,64], [0,0,0], 1, 'xyz')\n",
    "        if op==None:\n",
    "            voxel.write('../DeepIE3D_Training/data/ex/generated'+str(i)+'.binvox')\n",
    "        else:\n",
    "            voxel.write('../DeepIE3D_Training/data/ex/generated'+op+str(i)+'.binvox')\n",
    "\n",
    "def get_sim_two(voxels1,voxels2):\n",
    "    tensor1=list_to_tensor(voxels1)\n",
    "    tensor2=list_to_tensor(voxels2)\n",
    "    model1 = torch.nonzero(tensor1)\n",
    "    model2=torch.nonzero(tensor2)\n",
    "    voxel_count1 = len(model1)\n",
    "    voxel_count2 = len(model2)\n",
    "    same_voxel_count=0\n",
    "    for (x, y, z) in model1:\n",
    "        if voxels2[x][y][z]:\n",
    "            same_voxel_count += 1\n",
    "    return (same_voxel_count*same_voxel_count)/(voxel_count1*voxel_count2)\n",
    "\n",
    "def list_to_tensor(voxels):\n",
    "    return torch.from_numpy(np.array(voxels))\n",
    "\n",
    "def scatter_viz(t,y1,y2):\n",
    "    fig, ax = plt.subplots()\n",
    "\n",
    "    c1,c2 = \"blue\",\"green\"      # 各プロットの色\n",
    "    l1,l2 = \"coords\",\"kernel\"   # 各ラベル\n",
    "\n",
    "    ax.set_xlabel('x')  # x軸ラベル\n",
    "    ax.set_ylabel('y')  # y軸ラベル\n",
    "    ax.set_title(r'$\\sin(x)$ and $\\cos(x)$') # グラフタイトル\n",
    "    # ax.set_aspect('equal') # スケールを揃える\n",
    "    ax.grid()            # 罫線\n",
    "    ax.set_xlim([0, 20]) # x方向の描画範囲を指定\n",
    "    ax.set_ylim([0, 1])    # y方向の描画範囲を指定\n",
    "    ax.scatter(t, y1, color=c1, label=l1)\n",
    "    ax.scatter(t, y2, color=c2, label=l2)\n",
    "    ax.legend(loc=0)    # 凡例\n",
    "    fig.tight_layout()  # レイアウトの設定\n",
    "    # plt.savefig('hoge.png') # 画像の保存\n",
    "    plt.show()\n",
    "\n",
    "def write_kernel_to_csv(K):\n",
    "    with open('../DeepIE3D_Training/similarity.csv','w') as f:\n",
    "        writer=csv.writer(f)\n",
    "        writer.writerows(K)\n",
    "        \n",
    "def maxpool(voxels,kernel_size):\n",
    "    pooled_voxels=[]\n",
    "    for i in range(len(voxels)):\n",
    "        tensor=torch.Tensor(voxels[i]).unsqueeze_(0).unsqueeze_(0)\n",
    "        m=nn.MaxPool3d(kernel_size,stride=kernel_size)\n",
    "        out=m(tensor).squeeze_(0).squeeze_(0)\n",
    "        make_pooled_binvox(out.to('cpu').detach().numpy(),'pooled'+str(i),64/kernel_size)\n",
    "        pooled_voxels.append(out)\n",
    "    return pooled_voxels\n",
    "\n",
    "def process_base_kernel(base_kernel):\n",
    "    for i in range(len(base_kernel)):\n",
    "        print('shape',base_kernel[i].X.shape)\n",
    "        print(np.dot(base_kernel[i].X,base_kernel[i].X.T))\n",
    "\n",
    "import sys;print(sys.executable)\n",
    "zs=[]\n",
    "voxels1,voxels2=[],[]\n",
    "z=generate_z()\n",
    "zs.extend([generate_z() for i in range(9)])\n",
    "voxels1.extend([G.generate(zs[i],'Chair') for i in range(9)])\n",
    "voxels2.extend([G.generate(zs[i],'Chair') for i in range(9)])\n",
    "G1=cluster_graph(voxels1)\n",
    "G2=cluster_graph(voxels1)\n",
    "G=G1+G2\n",
    "G_grakel=grakel.graph_from_networkx(G, node_labels_tag='label')\n",
    "gk=grakel.WeisfeilerLehman(n_iter=cfg.n_iter,normalize=True)\n",
    "K,base_kernel=gk.fit_transform(G_grakel)\n",
    "print(K)\n",
    "\n",
    "\n",
    "\n",
    "'''\n",
    "instance=wl.WeisfeilerLehman()\n",
    "graphs=[]\n",
    "g=ig.Graph()\n",
    "g.add_vertices(5)\n",
    "g.add_edges([(0,1),(1,2),(0,3),(1,4)])\n",
    "g.vs[\"label\"]=[0,0,0,0,0]\n",
    "#layout = g.layout(\"kk\")\n",
    "#ig.plot(g, layout = layout)\n",
    "graphs.append(g)\n",
    "print(instance.fit_transform(graphs,4) )\n",
    "\n",
    "coords_arr = [[[False for k in range(64)] for j in range(64)] for i in range(64)]   #voxelが存在しているところが1\n",
    "for i in range(64):\n",
    "    coords_arr[i][0][0]=True\n",
    "    coords_arr[i][1][0]=True\n",
    "    coords_arr[i][2][0]=True\n",
    "#print(make_graph.convert_array_to_graph(model.data))\n",
    "'''"
   ]
  },
  {
   "cell_type": "code",
   "execution_count": null,
   "metadata": {},
   "outputs": [],
   "source": []
  },
  {
   "cell_type": "code",
   "execution_count": null,
   "metadata": {
    "scrolled": true
   },
   "outputs": [],
   "source": [
    "\n",
    "'''\n",
    "G1=nx.Graph()\n",
    "G1.add_nodes_from([0,1,2,3])\n",
    "G1.add_edges_from([(0,1),(1,2),(0,3)])\n",
    "nx.set_node_attributes(G1, {0:0, 1:0, 2:0,3:1}, 'label')\n",
    "G1.add_node(4,label=2)\n",
    "print(G1.nodes[4]['label'])\n",
    "G=[G1]\n",
    "G_grakel=grakel.graph_from_networkx(G, node_labels_tag='label')\n",
    "gk=grakel.WeisfeilerLehman()\n",
    "K=gk.fit_transform(G_grakel)\n",
    "print(K)\n",
    "\n",
    "\n",
    "zs=[]\n",
    "voxels=[]\n",
    "n=10\n",
    "for i in range(n):\n",
    "    z,voxel=z_and_Gz(G)\n",
    "    zs.append(z)\n",
    "    voxels.append(voxel)\n",
    "#zs,voxels=scatter_z_and_Gz(G,n)\n",
    "\n",
    "distances=vec_dis(zs,n).flatten()\n",
    "K,trimed_voxels,_=WeisfeilerLehman(voxels,n,30)\n",
    "coords_base_sim_oneline=coords_based_sim(voxels,n).flatten()\n",
    "K_oneline=np.array(K).flatten()\n",
    "save_voxels(voxels,n,\"notrim\")\n",
    "save_voxels(trimed_voxels,n)\n",
    "scatter_viz(distances,coords_base_sim_oneline,K_oneline)\n",
    "\n",
    "z,voxel=z_and_Gz(G)\n",
    "voxel_slided=slide(voxel,1)\n",
    "K,_,_=WeisfeilerLehman([voxel,voxel_slided],2,5)\n",
    "print(K)\n",
    "'''"
   ]
  },
  {
   "cell_type": "code",
   "execution_count": null,
   "metadata": {},
   "outputs": [],
   "source": [
    "\n",
    "voxels=[]\n",
    "n=10\n",
    "load_file_data(voxels,n)\n",
    "voxels32=maxpool(voxels,2)\n",
    "voxels16=maxpool(voxels,8)\n",
    "#K32,trimed_voxels32,G32=WeisfeilerLehman(voxels,n,3,32)\n",
    "K16,trimed_voxels16,G16=WeisfeilerLehman(voxels16,n,3,8)\n",
    "\n",
    "#print(coords_based_sim(voxels,n))\n",
    "#print(K)\n",
    "#for i in range(n):\n",
    "    #visualize(trimed_voxels[i])\n",
    "\n"
   ]
  },
  {
   "cell_type": "code",
   "execution_count": null,
   "metadata": {},
   "outputs": [],
   "source": [
    "m=64\n",
    "coords_arr = [[[False for k in range(m)] for j in range(m)] for i in range(m)]\n",
    "coords_arr2=[[[False for k in range(m)] for j in range(m)] for i in range(m)]\n",
    "\n",
    "for i in range(5):\n",
    "    for j in range(5):\n",
    "        for k in range(5):\n",
    "             if np.linalg.norm(np.array([i-2,j-2,k-2]))<=1 :\n",
    "                    coords_arr[i][j][k]=True\n",
    "'''\n",
    "coords_arr[0][0][0]=True\n",
    "coords_arr[0][1][0]=True\n",
    "coords_arr[0][2][0]=True\n",
    "coords_arr[0][3][0]=True\n",
    "coords_arr[0][0][2]=True\n",
    "coords_arr[0][1][2]=True\n",
    "coords_arr[0][2][2]=True\n",
    "coords_arr[0][3][2]=True\n",
    "coords_arr[2][0][0]=True\n",
    "coords_arr[2][1][0]=True\n",
    "coords_arr[2][2][0]=True\n",
    "coords_arr[2][3][0]=True\n",
    "coords_arr[2][0][2]=True\n",
    "coords_arr[2][1][2]=True\n",
    "coords_arr[2][2][2]=True\n",
    "coords_arr[2][3][2]=True\n",
    "\n",
    "coords_arr[0][3][1]=True\n",
    "coords_arr[1][3][0]=True\n",
    "coords_arr[0][1][1]=True\n",
    "coords_arr[1][1][0]=True\n",
    "coords_arr[1][3][1]=True\n",
    "coords_arr[2][3][1]=True\n",
    "coords_arr[1][3][2]=True\n",
    "coords_arr[2][1][1]=True\n",
    "coords_arr[1][1][2]=True\n",
    "'''\n",
    "\n",
    "\n",
    "\n",
    "\n",
    "coords_arr2[2][2][2]=True\n",
    "coords_arr2[1][2][2]=True\n",
    "coords_arr2[0][2][2]=True\n",
    "coords_arr2[0][0][0]=True\n",
    "\n",
    "voxels=[]\n",
    "voxels.append(coords_arr)\n",
    "voxels.append(coords_arr2)\n",
    "print(coords_based_sim(voxels,2))\n",
    "make_binvox(np.array(coords_arr),'minichair')\n",
    "K,trimed_voxels,G=WeisfeilerLehman(voxels,2,1)\n",
    "print(K)\n",
    "svg = SVG(nx.nx_agraph.to_agraph(G[0]).draw(prog='fdp', format='svg'))\n",
    "display(svg)\n",
    "svg = SVG(nx.nx_agraph.to_agraph(G[1]).draw(prog='fdp', format='svg'))\n",
    "display(svg)\n"
   ]
  },
  {
   "cell_type": "code",
   "execution_count": null,
   "metadata": {},
   "outputs": [],
   "source": []
  }
 ],
 "metadata": {
  "kernelspec": {
   "display_name": "Python 3",
   "language": "python",
   "name": "python3"
  },
  "language_info": {
   "codemirror_mode": {
    "name": "ipython",
    "version": 3
   },
   "file_extension": ".py",
   "mimetype": "text/x-python",
   "name": "python",
   "nbconvert_exporter": "python",
   "pygments_lexer": "ipython3",
   "version": "3.7.3"
  }
 },
 "nbformat": 4,
 "nbformat_minor": 2
}
