{
 "cells": [
  {
   "cell_type": "code",
   "execution_count": 1,
   "metadata": {},
   "outputs": [
    {
     "data": {
      "text/plain": [
       "'\\ninstance=wl.WeisfeilerLehman()\\ngraphs=[]\\ng=ig.Graph()\\ng.add_vertices(5)\\ng.add_edges([(0,1),(1,2),(0,3),(1,4)])\\ng.vs[\"label\"]=[0,0,0,0,0]\\n#layout = g.layout(\"kk\")\\n#ig.plot(g, layout = layout)\\ngraphs.append(g)\\nprint(instance.fit_transform(graphs,4) )\\n\\ncoords_arr = [[[False for k in range(64)] for j in range(64)] for i in range(64)]   #voxelが存在しているところが1\\nfor i in range(64):\\n    coords_arr[i][0][0]=True\\n    coords_arr[i][1][0]=True\\n    coords_arr[i][2][0]=True\\n#print(make_graph.convert_array_to_graph(model.data))\\n'"
      ]
     },
     "execution_count": 1,
     "metadata": {},
     "output_type": "execute_result"
    }
   ],
   "source": [
    "import WL as wl\n",
    "import igraph as ig\n",
    "import make_graph\n",
    "import binvox_rw\n",
    "import numpy as np\n",
    "import torch\n",
    "import networkx as nx\n",
    "import grakel\n",
    "import matplotlib.pyplot as plt\n",
    "import make_graph_nx\n",
    "import math\n",
    "import random\n",
    "import csv\n",
    "import torch.nn as nn\n",
    "import config as cfg\n",
    "from IPython.display import SVG, display\n",
    "from mpl_toolkits.mplot3d import axes3d, Axes3D\n",
    "from generate import SuperGenerator\n",
    "from evolution import mutate,benoulli,crossover,Evolution,normal,cluster_graph\n",
    "from utils import generate_z,slide\n",
    "from make_graph_nx import return_label\n",
    "G=SuperGenerator()\n",
    "with open ('chair1.binvox','rb')    as f1:\n",
    "    model1 =binvox_rw.read_as_3d_array(f1)\n",
    "with open ('chair4.binvox','rb')as f2:\n",
    "    model2=binvox_rw.read_as_3d_array(f2)\n",
    "\n",
    "def z_and_Gz(G):\n",
    "    z=generate_z()\n",
    "    voxels = G.generate(z, 'Chair')\n",
    "    bool_voxels = voxels>0.5\n",
    "    #tr_vx=torch.transpose(bool_voxels,1,2)\n",
    "    return z.to('cpu').detach().numpy().copy(),bool_voxels.to('cpu').detach().numpy().copy()\n",
    "\n",
    "def scatter_z_and_Gz(G,n):\n",
    "    rate=4\n",
    "    zs=[]\n",
    "    voxels=[]\n",
    "    z1=generate_z()\n",
    "    voxel1=G.generate(z1,'Chair')\n",
    "    bool_voxels1=voxel1>0.5\n",
    "    voxels.append(bool_voxels1.to('cpu').detach().numpy().copy())\n",
    "    zs.append(z1.to('cpu').detach().numpy().copy())\n",
    "    for i in range(0,n-1):\n",
    "        zx=generate_z().to('cpu').detach().numpy()\n",
    "        dis=np.linalg.norm(zx-zs[i])\n",
    "        zx=zs[i]+((zx-zs[i])*random.random()*rate/dis)\n",
    "        zs.append(zx.copy())\n",
    "        voxelx=G.generate(torch.from_numpy(zx),'Chair')\n",
    "        bool_voxelsx=voxelx>0.5\n",
    "        voxels.append(bool_voxelsx.to('cpu').detach().numpy().copy())\n",
    "        \n",
    "    return zs,voxels\n",
    "    \n",
    "    \n",
    "    \n",
    "    \n",
    "def vec_dis(zs,n):\n",
    "    tmp_index=np.arange(n)\n",
    "    xx, yy = np.meshgrid(tmp_index, tmp_index)\n",
    "    zs_np=np.array(zs)\n",
    "    distances=np.linalg.norm(zs_np[xx]-zs_np[yy], axis=2)\n",
    "    return distances\n",
    "\n",
    "def coords_based_sim(voxels,n):\n",
    "    sim=[]\n",
    "    for i in range(n):\n",
    "        sim.append([])\n",
    "        for j in range(n):\n",
    "            sim[i].append(get_sim_two(voxels[i],voxels[j]))\n",
    "    return np.array(sim)\n",
    "    \n",
    "\n",
    "def load_file_data(container,n):\n",
    "    for i in range(1,n+1,1):\n",
    "        with open ('../DeepIE3D_Training/data/chair64_512/chair'+str(i)+'.binvox','rb') as f:\n",
    "            model=binvox_rw.read_as_3d_array(f)\n",
    "            container.append(model.data)\n",
    "    return container\n",
    "\n",
    "def cmb_matrix(cnts,n):\n",
    "    X=np.zeros((n,n))\n",
    "    tmp_index=np.arange(n)\n",
    "    xx, yy = np.meshgrid(tmp_index, tmp_index)\n",
    "    cnts_np=np.array(cnts)\n",
    "    multiples=cnts_np[xx]*cnts_np[yy]\n",
    "    return multiples\n",
    "\n",
    "def WeisfeilerLehman(voxels,n,_n_iter,cube_len):\n",
    "    trimed_voxels=[]\n",
    "    G=[]\n",
    "    for i in range(n):\n",
    "        Gi,trimed_voxeli=make_graph_nx.convert_array_to_graph(voxels[i],cube_len)\n",
    "        G.append(Gi)\n",
    "        trimed_voxels.append(trimed_voxeli)\n",
    "    G_grakel=grakel.graph_from_networkx(G, node_labels_tag='label')\n",
    "    gk=grakel.WeisfeilerLehman(n_iter=_n_iter,normalize=True)\n",
    "    K,base_kernel=gk.fit_transform(G_grakel)\n",
    "    process_base_kernel(base_kernel)\n",
    "    return K,trimed_voxels,G\n",
    "\n",
    "def single_WeisfeilerLehman(voxels1,cube_len):\n",
    "    G1,trimed_voxel=make_graph_nx.convert_array_to_graph(voxels1,cube_len)\n",
    "    G=[G1]\n",
    "    svg = SVG(nx.nx_agraph.to_agraph(G1).draw(prog='fdp', format='svg'))\n",
    "    display(svg)\n",
    "    G_grakel=grakel.graph_from_networkx(G, node_labels_tag='label')\n",
    "    gk=grakel.WeisfeilerLehman()\n",
    "    K=gk.fit_transform(G_grakel)\n",
    "    return K,G1\n",
    "\n",
    "def visualize(voxels):\n",
    "    colors='red'\n",
    "    fig = plt.figure()\n",
    "    ax3 = fig.gca(projection='3d')\n",
    "    ax3.voxels(voxels, facecolors=colors, edgecolor='k')\n",
    "    plt.show()\n",
    "    \n",
    "def make_binvox(data,filename):\n",
    "    voxels=binvox_rw.Voxels(data,[64,64,64], [0,0,0], 1, 'xyz')\n",
    "    voxels.write('../DeepIE3D_Training/data/ex/'+filename+'.binvox')\n",
    "    \n",
    "def make_pooled_binvox(data,filename,dim):\n",
    "    voxels=binvox_rw.Voxels(data,[dim,dim,dim], [0,0,0], 1, 'xyz')\n",
    "    voxels.write('../DeepIE3D_Training/data/ex/'+filename+'_'+str(dim)+'.binvox')\n",
    "    \n",
    "def save_voxels(voxels,n,op=None):\n",
    "    for i in range(n):\n",
    "        voxel=binvox_rw.Voxels(voxels[i],[64,64,64], [0,0,0], 1, 'xyz')\n",
    "        if op==None:\n",
    "            voxel.write('../DeepIE3D_Training/data/ex/generated'+str(i)+'.binvox')\n",
    "        else:\n",
    "            voxel.write('../DeepIE3D_Training/data/ex/generated'+op+str(i)+'.binvox')\n",
    "\n",
    "def get_sim_two(voxels1,voxels2):\n",
    "    tensor1=list_to_tensor(voxels1)\n",
    "    tensor2=list_to_tensor(voxels2)\n",
    "    model1 = torch.nonzero(tensor1)\n",
    "    model2=torch.nonzero(tensor2)\n",
    "    voxel_count1 = len(model1)\n",
    "    voxel_count2 = len(model2)\n",
    "    same_voxel_count=0\n",
    "    for (x, y, z) in model1:\n",
    "        if voxels2[x][y][z]:\n",
    "            same_voxel_count += 1\n",
    "    return (same_voxel_count*same_voxel_count)/(voxel_count1*voxel_count2)\n",
    "\n",
    "def list_to_tensor(voxels):\n",
    "    return torch.from_numpy(np.array(voxels))\n",
    "\n",
    "def scatter_viz(t,y1,y2):\n",
    "    fig, ax = plt.subplots()\n",
    "\n",
    "    c1,c2 = \"blue\",\"green\"      # 各プロットの色\n",
    "    l1,l2 = \"coords\",\"kernel\"   # 各ラベル\n",
    "\n",
    "    ax.set_xlabel('x')  # x軸ラベル\n",
    "    ax.set_ylabel('y')  # y軸ラベル\n",
    "    ax.set_title(r'$\\sin(x)$ and $\\cos(x)$') # グラフタイトル\n",
    "    # ax.set_aspect('equal') # スケールを揃える\n",
    "    ax.grid()            # 罫線\n",
    "    ax.set_xlim([0, 20]) # x方向の描画範囲を指定\n",
    "    ax.set_ylim([0, 1])    # y方向の描画範囲を指定\n",
    "    ax.scatter(t, y1, color=c1, label=l1)\n",
    "    ax.scatter(t, y2, color=c2, label=l2)\n",
    "    ax.legend(loc=0)    # 凡例\n",
    "    fig.tight_layout()  # レイアウトの設定\n",
    "    # plt.savefig('hoge.png') # 画像の保存\n",
    "    plt.show()\n",
    "\n",
    "def write_kernel_to_csv(K):\n",
    "    with open('../DeepIE3D_Training/similarity.csv','w') as f:\n",
    "        writer=csv.writer(f)\n",
    "        writer.writerows(K)\n",
    "        \n",
    "def maxpool(voxels,kernel_size):\n",
    "    pooled_voxels=[]\n",
    "    for i in range(len(voxels)):\n",
    "        tensor=torch.Tensor(voxels[i]).unsqueeze_(0).unsqueeze_(0)\n",
    "        m=nn.MaxPool3d(kernel_size,stride=kernel_size)\n",
    "        out=m(tensor).squeeze_(0).squeeze_(0)\n",
    "        make_pooled_binvox(out.to('cpu').detach().numpy(),'pooled'+str(i),64/kernel_size)\n",
    "        pooled_voxels.append(out)\n",
    "    return pooled_voxels\n",
    "\n",
    "def process_base_kernel(base_kernel):\n",
    "    for i in range(len(base_kernel)):\n",
    "        print('shape',base_kernel[i].X.shape)\n",
    "        print(np.dot(base_kernel[i].X,base_kernel[i].X.T))\n",
    "'''\n",
    "import sys;print(sys.executable)\n",
    "zs=[]\n",
    "voxels1,voxels2=[],[]\n",
    "z=generate_z()\n",
    "print(G.g_chair(z))\n",
    "zs.extend([generate_z() for i in range(9)])\n",
    "voxels1.extend([G.generate(zs[i],'Chair') for i in range(9)])\n",
    "voxels2.extend([G.generate(zs[i],'Chair') for i in range(9)])\n",
    "G1=cluster_graph(voxels1)\n",
    "G2=cluster_graph(voxels1)\n",
    "G=G1+G2\n",
    "G_grakel=grakel.graph_from_networkx(G, node_labels_tag='label')\n",
    "gk=grakel.WeisfeilerLehman(n_iter=cfg.n_iter,normalize=True)\n",
    "K,base_kernel=gk.fit_transform(G_grakel)\n",
    "print(K)\n",
    "'''\n",
    "\n",
    "\n",
    "'''\n",
    "instance=wl.WeisfeilerLehman()\n",
    "graphs=[]\n",
    "g=ig.Graph()\n",
    "g.add_vertices(5)\n",
    "g.add_edges([(0,1),(1,2),(0,3),(1,4)])\n",
    "g.vs[\"label\"]=[0,0,0,0,0]\n",
    "#layout = g.layout(\"kk\")\n",
    "#ig.plot(g, layout = layout)\n",
    "graphs.append(g)\n",
    "print(instance.fit_transform(graphs,4) )\n",
    "\n",
    "coords_arr = [[[False for k in range(64)] for j in range(64)] for i in range(64)]   #voxelが存在しているところが1\n",
    "for i in range(64):\n",
    "    coords_arr[i][0][0]=True\n",
    "    coords_arr[i][1][0]=True\n",
    "    coords_arr[i][2][0]=True\n",
    "#print(make_graph.convert_array_to_graph(model.data))\n",
    "'''"
   ]
  },
  {
   "cell_type": "code",
   "execution_count": null,
   "metadata": {},
   "outputs": [],
   "source": []
  },
  {
   "cell_type": "code",
   "execution_count": 2,
   "metadata": {
    "scrolled": true
   },
   "outputs": [
    {
     "data": {
      "text/plain": [
       "'\\nG1=nx.Graph()\\nG1.add_nodes_from([0,1,2,3])\\nG1.add_edges_from([(0,1),(1,2),(0,3)])\\nnx.set_node_attributes(G1, {0:0, 1:0, 2:0,3:1}, \\'label\\')\\nG1.add_node(4,label=2)\\nprint(G1.nodes[4][\\'label\\'])\\nG=[G1]\\nG_grakel=grakel.graph_from_networkx(G, node_labels_tag=\\'label\\')\\ngk=grakel.WeisfeilerLehman()\\nK=gk.fit_transform(G_grakel)\\nprint(K)\\n\\n\\nzs=[]\\nvoxels=[]\\nn=10\\nfor i in range(n):\\n    z,voxel=z_and_Gz(G)\\n    zs.append(z)\\n    voxels.append(voxel)\\n#zs,voxels=scatter_z_and_Gz(G,n)\\n\\ndistances=vec_dis(zs,n).flatten()\\nK,trimed_voxels,_=WeisfeilerLehman(voxels,n,30)\\ncoords_base_sim_oneline=coords_based_sim(voxels,n).flatten()\\nK_oneline=np.array(K).flatten()\\nsave_voxels(voxels,n,\"notrim\")\\nsave_voxels(trimed_voxels,n)\\nscatter_viz(distances,coords_base_sim_oneline,K_oneline)\\n\\nz,voxel=z_and_Gz(G)\\nvoxel_slided=slide(voxel,1)\\nK,_,_=WeisfeilerLehman([voxel,voxel_slided],2,5)\\nprint(K)\\n'"
      ]
     },
     "execution_count": 2,
     "metadata": {},
     "output_type": "execute_result"
    }
   ],
   "source": [
    "\n",
    "'''\n",
    "G1=nx.Graph()\n",
    "G1.add_nodes_from([0,1,2,3])\n",
    "G1.add_edges_from([(0,1),(1,2),(0,3)])\n",
    "nx.set_node_attributes(G1, {0:0, 1:0, 2:0,3:1}, 'label')\n",
    "G1.add_node(4,label=2)\n",
    "print(G1.nodes[4]['label'])\n",
    "G=[G1]\n",
    "G_grakel=grakel.graph_from_networkx(G, node_labels_tag='label')\n",
    "gk=grakel.WeisfeilerLehman()\n",
    "K=gk.fit_transform(G_grakel)\n",
    "print(K)\n",
    "\n",
    "\n",
    "zs=[]\n",
    "voxels=[]\n",
    "n=10\n",
    "for i in range(n):\n",
    "    z,voxel=z_and_Gz(G)\n",
    "    zs.append(z)\n",
    "    voxels.append(voxel)\n",
    "#zs,voxels=scatter_z_and_Gz(G,n)\n",
    "\n",
    "distances=vec_dis(zs,n).flatten()\n",
    "K,trimed_voxels,_=WeisfeilerLehman(voxels,n,30)\n",
    "coords_base_sim_oneline=coords_based_sim(voxels,n).flatten()\n",
    "K_oneline=np.array(K).flatten()\n",
    "save_voxels(voxels,n,\"notrim\")\n",
    "save_voxels(trimed_voxels,n)\n",
    "scatter_viz(distances,coords_base_sim_oneline,K_oneline)\n",
    "\n",
    "z,voxel=z_and_Gz(G)\n",
    "voxel_slided=slide(voxel,1)\n",
    "K,_,_=WeisfeilerLehman([voxel,voxel_slided],2,5)\n",
    "print(K)\n",
    "'''"
   ]
  },
  {
   "cell_type": "code",
   "execution_count": 3,
   "metadata": {},
   "outputs": [
    {
     "name": "stdout",
     "output_type": "stream",
     "text": [
      "num_clusters: 111\n",
      "num_clusters: 101\n",
      "num_clusters: 66\n",
      "num_clusters: 61\n",
      "num_clusters: 91\n",
      "num_clusters: 84\n",
      "num_clusters: 119\n",
      "num_clusters: 65\n",
      "num_clusters: 91\n",
      "num_clusters: 89\n",
      "num_clusters: 128\n",
      "[[1.         0.6356013  0.50087174 0.57464972 0.56635131 0.53460977\n",
      "  0.6082028  0.499055   0.53765238 0.58599106 0.60908566]\n",
      " [0.6356013  1.         0.45654237 0.5870838  0.56453985 0.51814615\n",
      "  0.61802223 0.47076286 0.55229453 0.6068255  0.61007309]\n",
      " [0.50087174 0.45654237 1.         0.4168855  0.49109513 0.48069033\n",
      "  0.43943131 0.43784645 0.46161477 0.45939674 0.49667601]\n",
      " [0.57464972 0.5870838  0.4168855  1.         0.5415874  0.51592258\n",
      "  0.54613621 0.46739212 0.55230667 0.5640134  0.5718251 ]\n",
      " [0.56635131 0.56453985 0.49109513 0.5415874  1.         0.56664816\n",
      "  0.55781377 0.53733169 0.59522774 0.60403851 0.59317014]\n",
      " [0.53460977 0.51814615 0.48069033 0.51592258 0.56664816 1.\n",
      "  0.47405959 0.53687648 0.60092521 0.56751251 0.57797565]\n",
      " [0.6082028  0.61802223 0.43943131 0.54613621 0.55781377 0.47405959\n",
      "  1.         0.48584895 0.50827583 0.58312776 0.59511814]\n",
      " [0.499055   0.47076286 0.43784645 0.46739212 0.53733169 0.53687648\n",
      "  0.48584895 1.         0.55450761 0.54771731 0.53487585]\n",
      " [0.53765238 0.55229453 0.46161477 0.55230667 0.59522774 0.60092521\n",
      "  0.50827583 0.55450761 1.         0.63334622 0.58810414]\n",
      " [0.58599106 0.6068255  0.45939674 0.5640134  0.60403851 0.56751251\n",
      "  0.58312776 0.54771731 0.63334622 1.         0.60042793]\n",
      " [0.60908566 0.61007309 0.49667601 0.5718251  0.59317014 0.57797565\n",
      "  0.59511814 0.53487585 0.58810414 0.60042793 1.        ]]\n",
      "shape (11, 20)\n",
      "[[ 993.  909.  502.  581.  737.  672.  984.  513.  750.  804. 1039.]\n",
      " [ 909.  901.  439.  564.  704.  623.  949.  459.  729.  784. 1005.]\n",
      " [ 502.  439.  344.  280.  422.  406.  475.  302.  429.  415.  557.]\n",
      " [ 581.  564.  280.  385.  461.  432.  594.  323.  488.  516.  651.]\n",
      " [ 737.  704.  422.  461.  655.  603.  772.  467.  694.  693.  870.]\n",
      " [ 672.  623.  406.  432.  603.  630.  647.  457.  677.  637.  819.]\n",
      " [ 984.  949.  475.  594.  772.  647. 1143.  536.  756.  854. 1092.]\n",
      " [ 513.  459.  302.  323.  467.  457.  536.  391.  511.  490.  617.]\n",
      " [ 750.  729.  429.  488.  694.  677.  756.  511.  809.  761.  913.]\n",
      " [ 804.  784.  415.  516.  693.  637.  854.  490.  761.  789.  929.]\n",
      " [1039. 1005.  557.  651.  870.  819. 1092.  617.  913.  929. 1262.]]\n",
      "shape (11, 455)\n",
      "  (0, 8)\t29\n",
      "  (0, 2)\t14\n",
      "  (0, 3)\t21\n",
      "  (0, 4)\t24\n",
      "  (0, 9)\t28\n",
      "  (0, 7)\t22\n",
      "  (0, 5)\t27\n",
      "  (0, 10)\t30\n",
      "  (0, 1)\t48\n",
      "  (0, 6)\t36\n",
      "  (0, 0)\t133\n",
      "  (1, 2)\t13\n",
      "  (1, 8)\t41\n",
      "  (1, 3)\t26\n",
      "  (1, 4)\t24\n",
      "  (1, 9)\t38\n",
      "  (1, 7)\t26\n",
      "  (1, 6)\t46\n",
      "  (1, 5)\t28\n",
      "  (1, 10)\t24\n",
      "  (1, 1)\t139\n",
      "  (1, 0)\t48\n",
      "  (2, 6)\t10\n",
      "  (2, 3)\t8\n",
      "  (2, 4)\t11\n",
      "  :\t:\n",
      "  (8, 8)\t167\n",
      "  (8, 4)\t44\n",
      "  (8, 0)\t29\n",
      "  (9, 8)\t67\n",
      "  (9, 2)\t13\n",
      "  (9, 4)\t40\n",
      "  (9, 3)\t21\n",
      "  (9, 10)\t24\n",
      "  (9, 9)\t123\n",
      "  (9, 7)\t41\n",
      "  (9, 6)\t33\n",
      "  (9, 5)\t33\n",
      "  (9, 1)\t38\n",
      "  (9, 0)\t28\n",
      "  (10, 8)\t41\n",
      "  (10, 2)\t15\n",
      "  (10, 3)\t22\n",
      "  (10, 4)\t21\n",
      "  (10, 9)\t24\n",
      "  (10, 7)\t24\n",
      "  (10, 6)\t27\n",
      "  (10, 5)\t27\n",
      "  (10, 10)\t172\n",
      "  (10, 1)\t24\n",
      "  (10, 0)\t30\n",
      "shape (11, 956)\n",
      "  (0, 5)\t1\n",
      "  (0, 8)\t2\n",
      "  (0, 3)\t2\n",
      "  (0, 1)\t2\n",
      "  (0, 6)\t3\n",
      "  (0, 0)\t111\n",
      "  (1, 4)\t1\n",
      "  (1, 8)\t1\n",
      "  (1, 5)\t1\n",
      "  (1, 9)\t4\n",
      "  (1, 6)\t3\n",
      "  (1, 3)\t3\n",
      "  (1, 1)\t107\n",
      "  (1, 0)\t2\n",
      "  (2, 2)\t66\n",
      "  (3, 4)\t1\n",
      "  (3, 8)\t2\n",
      "  (3, 6)\t1\n",
      "  (3, 3)\t61\n",
      "  (3, 1)\t3\n",
      "  (3, 0)\t2\n",
      "  (4, 7)\t1\n",
      "  (4, 9)\t1\n",
      "  (4, 8)\t2\n",
      "  (4, 3)\t1\n",
      "  :\t:\n",
      "  (6, 3)\t1\n",
      "  (6, 1)\t3\n",
      "  (6, 6)\t125\n",
      "  (6, 0)\t3\n",
      "  (7, 8)\t1\n",
      "  (7, 6)\t1\n",
      "  (7, 7)\t67\n",
      "  (7, 4)\t1\n",
      "  (8, 10)\t1\n",
      "  (8, 7)\t1\n",
      "  (8, 6)\t1\n",
      "  (8, 4)\t2\n",
      "  (8, 3)\t2\n",
      "  (8, 9)\t4\n",
      "  (8, 1)\t1\n",
      "  (8, 5)\t3\n",
      "  (8, 8)\t95\n",
      "  (8, 0)\t2\n",
      "  (9, 4)\t1\n",
      "  (9, 8)\t4\n",
      "  (9, 5)\t2\n",
      "  (9, 9)\t97\n",
      "  (9, 1)\t4\n",
      "  (10, 10)\t132\n",
      "  (10, 8)\t1\n",
      "shape (11, 996)\n",
      "  (0, 3)\t1\n",
      "  (0, 0)\t111\n",
      "  (1, 3)\t1\n",
      "  (1, 9)\t2\n",
      "  (1, 6)\t1\n",
      "  (1, 1)\t101\n",
      "  (2, 2)\t66\n",
      "  (3, 1)\t1\n",
      "  (3, 3)\t61\n",
      "  (3, 0)\t1\n",
      "  (4, 4)\t91\n",
      "  (5, 8)\t1\n",
      "  (5, 5)\t86\n",
      "  (6, 6)\t119\n",
      "  (6, 1)\t1\n",
      "  (7, 7)\t65\n",
      "  (8, 8)\t91\n",
      "  (8, 5)\t1\n",
      "  (9, 9)\t93\n",
      "  (9, 1)\t2\n",
      "  (10, 10)\t132\n",
      "shape (11, 1002)\n",
      "  (0, 0)\t111\n",
      "  (1, 1)\t101\n",
      "  (2, 2)\t66\n",
      "  (3, 3)\t61\n",
      "  (4, 4)\t91\n",
      "  (5, 5)\t86\n",
      "  (6, 6)\t119\n",
      "  (7, 7)\t65\n",
      "  (8, 8)\t91\n",
      "  (9, 9)\t91\n",
      "  (10, 10)\t132\n",
      "shape (11, 1002)\n",
      "  (0, 0)\t111\n",
      "  (1, 1)\t101\n",
      "  (2, 2)\t66\n",
      "  (3, 3)\t61\n",
      "  (4, 4)\t91\n",
      "  (5, 5)\t86\n",
      "  (6, 6)\t119\n",
      "  (7, 7)\t65\n",
      "  (8, 8)\t91\n",
      "  (9, 9)\t91\n",
      "  (10, 10)\t132\n"
     ]
    }
   ],
   "source": [
    "\n",
    "voxels=[]\n",
    "n=11\n",
    "load_file_data(voxels,n)\n",
    "graphs=cluster_graph(torch.Tensor(voxels))\n",
    "G_grakel=grakel.graph_from_networkx(graphs, node_labels_tag='label')\n",
    "gk=grakel.WeisfeilerLehman(n_iter=cfg.n_iter,normalize=True)\n",
    "K,base_kernel=gk.fit_transform(G_grakel)\n",
    "print(K)\n",
    "process_base_kernel(base_kernel)\n",
    "\n",
    "#print(coords_based_sim(voxels,n))\n",
    "#print(K)\n",
    "#for i in range(n):\n",
    "    #visualize(trimed_voxels[i])\n",
    "\n"
   ]
  },
  {
   "cell_type": "code",
   "execution_count": 4,
   "metadata": {},
   "outputs": [
    {
     "name": "stdout",
     "output_type": "stream",
     "text": [
      "[[1.         0.14285714]\n",
      " [0.14285714 1.        ]]\n"
     ]
    },
    {
     "ename": "TypeError",
     "evalue": "WeisfeilerLehman() missing 1 required positional argument: 'cube_len'",
     "output_type": "error",
     "traceback": [
      "\u001b[0;31m---------------------------------------------------------------------------\u001b[0m",
      "\u001b[0;31mTypeError\u001b[0m                                 Traceback (most recent call last)",
      "\u001b[0;32m<ipython-input-4-1f960b005570>\u001b[0m in \u001b[0;36m<module>\u001b[0;34m\u001b[0m\n\u001b[1;32m     50\u001b[0m \u001b[0mprint\u001b[0m\u001b[0;34m(\u001b[0m\u001b[0mcoords_based_sim\u001b[0m\u001b[0;34m(\u001b[0m\u001b[0mvoxels\u001b[0m\u001b[0;34m,\u001b[0m\u001b[0;36m2\u001b[0m\u001b[0;34m)\u001b[0m\u001b[0;34m)\u001b[0m\u001b[0;34m\u001b[0m\u001b[0;34m\u001b[0m\u001b[0m\n\u001b[1;32m     51\u001b[0m \u001b[0mmake_binvox\u001b[0m\u001b[0;34m(\u001b[0m\u001b[0mnp\u001b[0m\u001b[0;34m.\u001b[0m\u001b[0marray\u001b[0m\u001b[0;34m(\u001b[0m\u001b[0mcoords_arr\u001b[0m\u001b[0;34m)\u001b[0m\u001b[0;34m,\u001b[0m\u001b[0;34m'minichair'\u001b[0m\u001b[0;34m)\u001b[0m\u001b[0;34m\u001b[0m\u001b[0;34m\u001b[0m\u001b[0m\n\u001b[0;32m---> 52\u001b[0;31m \u001b[0mK\u001b[0m\u001b[0;34m,\u001b[0m\u001b[0mtrimed_voxels\u001b[0m\u001b[0;34m,\u001b[0m\u001b[0mG\u001b[0m\u001b[0;34m=\u001b[0m\u001b[0mWeisfeilerLehman\u001b[0m\u001b[0;34m(\u001b[0m\u001b[0mvoxels\u001b[0m\u001b[0;34m,\u001b[0m\u001b[0;36m2\u001b[0m\u001b[0;34m,\u001b[0m\u001b[0;36m1\u001b[0m\u001b[0;34m)\u001b[0m\u001b[0;34m\u001b[0m\u001b[0;34m\u001b[0m\u001b[0m\n\u001b[0m\u001b[1;32m     53\u001b[0m \u001b[0mprint\u001b[0m\u001b[0;34m(\u001b[0m\u001b[0mK\u001b[0m\u001b[0;34m)\u001b[0m\u001b[0;34m\u001b[0m\u001b[0;34m\u001b[0m\u001b[0m\n\u001b[1;32m     54\u001b[0m \u001b[0msvg\u001b[0m \u001b[0;34m=\u001b[0m \u001b[0mSVG\u001b[0m\u001b[0;34m(\u001b[0m\u001b[0mnx\u001b[0m\u001b[0;34m.\u001b[0m\u001b[0mnx_agraph\u001b[0m\u001b[0;34m.\u001b[0m\u001b[0mto_agraph\u001b[0m\u001b[0;34m(\u001b[0m\u001b[0mG\u001b[0m\u001b[0;34m[\u001b[0m\u001b[0;36m0\u001b[0m\u001b[0;34m]\u001b[0m\u001b[0;34m)\u001b[0m\u001b[0;34m.\u001b[0m\u001b[0mdraw\u001b[0m\u001b[0;34m(\u001b[0m\u001b[0mprog\u001b[0m\u001b[0;34m=\u001b[0m\u001b[0;34m'fdp'\u001b[0m\u001b[0;34m,\u001b[0m \u001b[0mformat\u001b[0m\u001b[0;34m=\u001b[0m\u001b[0;34m'svg'\u001b[0m\u001b[0;34m)\u001b[0m\u001b[0;34m)\u001b[0m\u001b[0;34m\u001b[0m\u001b[0;34m\u001b[0m\u001b[0m\n",
      "\u001b[0;31mTypeError\u001b[0m: WeisfeilerLehman() missing 1 required positional argument: 'cube_len'"
     ]
    }
   ],
   "source": [
    "m=64\n",
    "coords_arr = [[[False for k in range(m)] for j in range(m)] for i in range(m)]\n",
    "coords_arr2=[[[False for k in range(m)] for j in range(m)] for i in range(m)]\n",
    "\n",
    "for i in range(5):\n",
    "    for j in range(5):\n",
    "        for k in range(5):\n",
    "             if np.linalg.norm(np.array([i-2,j-2,k-2]))<=1 :\n",
    "                    coords_arr[i][j][k]=True\n",
    "'''\n",
    "coords_arr[0][0][0]=True\n",
    "coords_arr[0][1][0]=True\n",
    "coords_arr[0][2][0]=True\n",
    "coords_arr[0][3][0]=True\n",
    "coords_arr[0][0][2]=True\n",
    "coords_arr[0][1][2]=True\n",
    "coords_arr[0][2][2]=True\n",
    "coords_arr[0][3][2]=True\n",
    "coords_arr[2][0][0]=True\n",
    "coords_arr[2][1][0]=True\n",
    "coords_arr[2][2][0]=True\n",
    "coords_arr[2][3][0]=True\n",
    "coords_arr[2][0][2]=True\n",
    "coords_arr[2][1][2]=True\n",
    "coords_arr[2][2][2]=True\n",
    "coords_arr[2][3][2]=True\n",
    "\n",
    "coords_arr[0][3][1]=True\n",
    "coords_arr[1][3][0]=True\n",
    "coords_arr[0][1][1]=True\n",
    "coords_arr[1][1][0]=True\n",
    "coords_arr[1][3][1]=True\n",
    "coords_arr[2][3][1]=True\n",
    "coords_arr[1][3][2]=True\n",
    "coords_arr[2][1][1]=True\n",
    "coords_arr[1][1][2]=True\n",
    "'''\n",
    "\n",
    "\n",
    "\n",
    "\n",
    "coords_arr2[2][2][2]=True\n",
    "coords_arr2[1][2][2]=True\n",
    "coords_arr2[0][2][2]=True\n",
    "coords_arr2[0][0][0]=True\n",
    "\n",
    "voxels=[]\n",
    "voxels.append(coords_arr)\n",
    "voxels.append(coords_arr2)\n",
    "print(coords_based_sim(voxels,2))\n",
    "make_binvox(np.array(coords_arr),'minichair')\n",
    "K,trimed_voxels,G=WeisfeilerLehman(voxels,2,1)\n",
    "print(K)\n",
    "svg = SVG(nx.nx_agraph.to_agraph(G[0]).draw(prog='fdp', format='svg'))\n",
    "display(svg)\n",
    "svg = SVG(nx.nx_agraph.to_agraph(G[1]).draw(prog='fdp', format='svg'))\n",
    "display(svg)\n"
   ]
  },
  {
   "cell_type": "raw",
   "metadata": {},
   "source": []
  }
 ],
 "metadata": {
  "kernelspec": {
   "display_name": "Python 3",
   "language": "python",
   "name": "python3"
  },
  "language_info": {
   "codemirror_mode": {
    "name": "ipython",
    "version": 3
   },
   "file_extension": ".py",
   "mimetype": "text/x-python",
   "name": "python",
   "nbconvert_exporter": "python",
   "pygments_lexer": "ipython3",
   "version": "3.7.3"
  }
 },
 "nbformat": 4,
 "nbformat_minor": 2
}
